# Chunk-averaged data for fix wall_2d and group wall
# Timestep Number-of-chunks Total-count
# Chunk OrigID Ncount v_x v_z
0 780 7800
  1 1 10 0 1
  2 2 10 2.032 1
  3 3 10 4.06401 1
  4 4 10 6.09602 1
  5 5 10 8.12802 1
  6 6 10 10.16 1
  7 7 10 12.192 1
  8 8 10 14.224 1
  9 9 10 16.256 1
  10 10 10 18.288 1
  11 11 10 20.3201 1
  12 12 10 22.3521 1
  13 13 10 24.3841 1
  14 14 10 26.4161 1
  15 15 10 28.4481 1
  16 16 10 30.4801 1
  17 17 10 32.5121 1
  18 18 10 34.5441 1
  19 19 10 36.5761 1
  20 20 10 38.6081 1
  21 21 10 0 3.032
  22 22 10 2.032 3.032
  23 23 10 4.06401 3.032
  24 24 10 6.09602 3.032
  25 25 10 8.12802 3.032
  26 26 10 10.16 3.032
  27 27 10 12.192 3.032
  28 28 10 14.224 3.032
  29 29 10 16.256 3.032
  30 30 10 18.288 3.032
  31 31 10 20.3201 3.032
  32 32 10 22.3521 3.032
  33 33 10 24.3841 3.032
  34 34 10 26.4161 3.032
  35 35 10 28.4481 3.032
  36 36 10 30.4801 3.032
  37 37 10 32.5121 3.032
  38 38 10 34.5441 3.032
  39 39 10 36.5761 3.032
  40 40 10 38.6081 3.032
  41 41 10 0 5.06401
  42 42 10 2.032 5.06401
  43 43 10 4.06401 5.06401
  44 44 10 6.09602 5.06401
  45 45 10 8.12802 5.06401
  46 46 10 10.16 5.06401
  47 47 10 12.192 5.06401
  48 48 10 14.224 5.06401
  49 49 10 16.256 5.06401
  50 50 10 18.288 5.06401
  51 51 10 20.3201 5.06401
  52 52 10 22.3521 5.06401
  53 53 10 24.3841 5.06401
  54 54 10 26.4161 5.06401
  55 55 10 28.4481 5.06401
  56 56 10 30.4801 5.06401
  57 57 10 32.5121 5.06401
  58 58 10 34.5441 5.06401
  59 59 10 36.5761 5.06401
  60 60 10 38.6081 5.06401
  61 61 10 0 7.09601
  62 62 10 2.032 7.09601
  63 63 10 4.06401 7.09601
  64 64 10 6.09602 7.09601
  65 65 10 8.12802 7.09601
  66 66 10 10.16 7.09601
  67 67 10 12.192 7.09601
  68 68 10 14.224 7.09601
  69 69 10 16.256 7.09601
  70 70 10 18.288 7.09601
  71 71 10 20.3201 7.09601
  72 72 10 22.3521 7.09601
  73 73 10 24.3841 7.09601
  74 74 10 26.4161 7.09601
  75 75 10 28.4481 7.09601
  76 76 10 30.4801 7.09601
  77 77 10 32.5121 7.09601
  78 78 10 34.5441 7.09601
  79 79 10 36.5761 7.09601
  80 80 10 38.6081 7.09601
  81 81 10 0 9.12802
  82 82 10 2.032 9.12802
  83 83 10 4.06401 9.12802
  84 84 10 6.09602 9.12802
  85 85 10 8.12802 9.12802
  86 86 10 10.16 9.12802
  87 87 10 12.192 9.12802
  88 88 10 14.224 9.12802
  89 89 10 16.256 9.12802
  90 90 10 18.288 9.12802
  91 91 10 20.3201 9.12802
  92 92 10 22.3521 9.12802
  93 93 10 24.3841 9.12802
  94 94 10 26.4161 9.12802
  95 95 10 28.4481 9.12802
  96 96 10 30.4801 9.12802
  97 97 10 32.5121 9.12802
  98 98 10 34.5441 9.12802
  99 99 10 36.5761 9.12802
  100 100 10 38.6081 9.12802
  101 101 10 0 11.16
  102 102 10 2.032 11.16
  103 103 10 4.06401 11.16
  104 104 10 6.09602 11.16
  105 105 10 8.12802 11.16
  106 106 10 10.16 11.16
  107 107 10 12.192 11.16
  108 108 10 14.224 11.16
  109 109 10 16.256 11.16
  110 110 10 18.288 11.16
  111 111 10 20.3201 11.16
  112 112 10 22.3521 11.16
  113 113 10 24.3841 11.16
  114 114 10 26.4161 11.16
  115 115 10 28.4481 11.16
  116 116 10 30.4801 11.16
  117 117 10 32.5121 11.16
  118 118 10 34.5441 11.16
  119 119 10 36.5761 11.16
  120 120 10 38.6081 11.16
  121 121 10 0 13.192
  122 122 10 2.032 13.192
  123 123 10 4.06401 13.192
  124 124 10 6.09602 13.192
  125 125 10 8.12802 13.192
  126 126 10 10.16 13.192
  127 127 10 12.192 13.192
  128 128 10 14.224 13.192
  129 129 10 16.256 13.192
  130 130 10 18.288 13.192
  131 131 10 20.3201 13.192
  132 132 10 22.3521 13.192
  133 133 10 24.3841 13.192
  134 134 10 26.4161 13.192
  135 135 10 28.4481 13.192
  136 136 10 30.4801 13.192
  137 137 10 32.5121 13.192
  138 138 10 34.5441 13.192
  139 139 10 36.5761 13.192
  140 140 10 38.6081 13.192
  141 141 10 0 15.224
  142 142 10 2.032 15.224
  143 143 10 4.06401 15.224
  144 144 10 6.09602 15.224
  145 145 10 8.12802 15.224
  146 146 10 10.16 15.224
  147 147 10 12.192 15.224
  148 148 10 14.224 15.224
  149 149 10 16.256 15.224
  150 150 10 18.288 15.224
  151 151 10 20.3201 15.224
  152 152 10 22.3521 15.224
  153 153 10 24.3841 15.224
  154 154 10 26.4161 15.224
  155 155 10 28.4481 15.224
  156 156 10 30.4801 15.224
  157 157 10 32.5121 15.224
  158 158 10 34.5441 15.224
  159 159 10 36.5761 15.224
  160 160 10 38.6081 15.224
  161 161 10 0 17.256
  162 162 10 2.032 17.256
  163 163 10 4.06401 17.256
  164 164 10 6.09602 17.256
  165 165 10 8.12802 17.256
  166 166 10 10.16 17.256
  167 167 10 12.192 17.256
  168 168 10 14.224 17.256
  169 169 10 16.256 17.256
  170 170 10 18.288 17.256
  171 171 10 20.3201 17.256
  172 172 10 22.3521 17.256
  173 173 10 24.3841 17.256
  174 174 10 26.4161 17.256
  175 175 10 28.4481 17.256
  176 176 10 30.4801 17.256
  177 177 10 32.5121 17.256
  178 178 10 34.5441 17.256
  179 179 10 36.5761 17.256
  180 180 10 38.6081 17.256
  181 181 10 0 19.288
  182 182 10 2.032 19.288
  183 183 10 4.06401 19.288
  184 184 10 6.09602 19.288
  185 185 10 8.12802 19.288
  186 186 10 10.16 19.288
  187 187 10 12.192 19.288
  188 188 10 14.224 19.288
  189 189 10 16.256 19.288
  190 190 10 18.288 19.288
  191 191 10 20.3201 19.288
  192 192 10 22.3521 19.288
  193 193 10 24.3841 19.288
  194 194 10 26.4161 19.288
  195 195 10 28.4481 19.288
  196 196 10 30.4801 19.288
  197 197 10 32.5121 19.288
  198 198 10 34.5441 19.288
  199 199 10 36.5761 19.288
  200 200 10 38.6081 19.288
  201 201 10 0 21.3201
  202 202 10 2.032 21.3201
  203 203 10 4.06401 21.3201
  204 204 10 6.09602 21.3201
  205 205 10 8.12802 21.3201
  206 206 10 10.16 21.3201
  207 207 10 12.192 21.3201
  208 208 10 14.224 21.3201
  209 209 10 16.256 21.3201
  210 210 10 18.288 21.3201
  211 211 10 20.3201 21.3201
  212 212 10 22.3521 21.3201
  213 213 10 24.3841 21.3201
  214 214 10 26.4161 21.3201
  215 215 10 28.4481 21.3201
  216 216 10 30.4801 21.3201
  217 217 10 32.5121 21.3201
  218 218 10 34.5441 21.3201
  219 219 10 36.5761 21.3201
  220 220 10 38.6081 21.3201
  221 221 10 0 23.3521
  222 222 10 2.032 23.3521
  223 223 10 4.06401 23.3521
  224 224 10 6.09602 23.3521
  225 225 10 8.12802 23.3521
  226 226 10 10.16 23.3521
  227 227 10 12.192 23.3521
  228 228 10 14.224 23.3521
  229 229 10 16.256 23.3521
  230 230 10 18.288 23.3521
  231 231 10 20.3201 23.3521
  232 232 10 22.3521 23.3521
  233 233 10 24.3841 23.3521
  234 234 10 26.4161 23.3521
  235 235 10 28.4481 23.3521
  236 236 10 30.4801 23.3521
  237 237 10 32.5121 23.3521
  238 238 10 34.5441 23.3521
  239 239 10 36.5761 23.3521
  240 240 10 38.6081 23.3521
  241 241 10 0 25.3841
  242 242 10 2.032 25.3841
  243 243 10 4.06401 25.3841
  244 244 10 6.09602 25.3841
  245 245 10 8.12802 25.3841
  246 246 10 10.16 25.3841
  247 247 10 12.192 25.3841
  248 248 10 14.224 25.3841
  249 249 10 16.256 25.3841
  250 250 10 18.288 25.3841
  251 251 10 20.3201 25.3841
  252 252 10 22.3521 25.3841
  253 253 10 24.3841 25.3841
  254 254 10 26.4161 25.3841
  255 255 10 28.4481 25.3841
  256 256 10 30.4801 25.3841
  257 257 10 32.5121 25.3841
  258 258 10 34.5441 25.3841
  259 259 10 36.5761 25.3841
  260 260 10 38.6081 25.3841
  261 261 10 0 27.4161
  262 262 10 2.032 27.4161
  263 263 10 4.06401 27.4161
  264 264 10 6.09602 27.4161
  265 265 10 8.12802 27.4161
  266 266 10 10.16 27.4161
  267 267 10 12.192 27.4161
  268 268 10 14.224 27.4161
  269 269 10 16.256 27.4161
  270 270 10 18.288 27.4161
  271 271 10 20.3201 27.4161
  272 272 10 22.3521 27.4161
  273 273 10 24.3841 27.4161
  274 274 10 26.4161 27.4161
  275 275 10 28.4481 27.4161
  276 276 10 30.4801 27.4161
  277 277 10 32.5121 27.4161
  278 278 10 34.5441 27.4161
  279 279 10 36.5761 27.4161
  280 280 10 38.6081 27.4161
  281 281 10 0 29.4481
  282 282 10 2.032 29.4481
  283 283 10 4.06401 29.4481
  284 284 10 6.09602 29.4481
  285 285 10 8.12802 29.4481
  286 286 10 10.16 29.4481
  287 287 10 12.192 29.4481
  288 288 10 14.224 29.4481
  289 289 10 16.256 29.4481
  290 290 10 18.288 29.4481
  291 291 10 20.3201 29.4481
  292 292 10 22.3521 29.4481
  293 293 10 24.3841 29.4481
  294 294 10 26.4161 29.4481
  295 295 10 28.4481 29.4481
  296 296 10 30.4801 29.4481
  297 297 10 32.5121 29.4481
  298 298 10 34.5441 29.4481
  299 299 10 36.5761 29.4481
  300 300 10 38.6081 29.4481
  301 301 10 0 31.4801
  302 302 10 2.032 31.4801
  303 303 10 4.06401 31.4801
  304 304 10 6.09602 31.4801
  305 305 10 8.12802 31.4801
  306 306 10 10.16 31.4801
  307 307 10 12.192 31.4801
  308 308 10 14.224 31.4801
  309 309 10 16.256 31.4801
  310 310 10 18.288 31.4801
  311 311 10 20.3201 31.4801
  312 312 10 22.3521 31.4801
  313 313 10 24.3841 31.4801
  314 314 10 26.4161 31.4801
  315 315 10 28.4481 31.4801
  316 316 10 30.4801 31.4801
  317 317 10 32.5121 31.4801
  318 318 10 34.5441 31.4801
  319 319 10 36.5761 31.4801
  320 320 10 38.6081 31.4801
  321 321 10 0 33.5121
  322 322 10 2.032 33.5121
  323 323 10 4.06401 33.5121
  324 324 10 6.09602 33.5121
  325 325 10 8.12802 33.5121
  326 326 10 10.16 33.5121
  327 327 10 12.192 33.5121
  328 328 10 14.224 33.5121
  329 329 10 16.256 33.5121
  330 330 10 18.288 33.5121
  331 331 10 20.3201 33.5121
  332 332 10 22.3521 33.5121
  333 333 10 24.3841 33.5121
  334 334 10 26.4161 33.5121
  335 335 10 28.4481 33.5121
  336 336 10 30.4801 33.5121
  337 337 10 32.5121 33.5121
  338 338 10 34.5441 33.5121
  339 339 10 36.5761 33.5121
  340 340 10 38.6081 33.5121
  341 346 10 10.16 35.5441
  342 347 10 12.192 35.5441
  343 348 10 14.224 35.5441
  344 349 10 16.256 35.5441
  345 350 10 18.288 35.5441
  346 356 10 30.4801 35.5441
  347 357 10 32.5121 35.5441
  348 358 10 34.5441 35.5441
  349 359 10 36.5761 35.5441
  350 360 10 38.6081 35.5441
  351 366 10 10.16 37.5761
  352 367 10 12.192 37.5761
  353 368 10 14.224 37.5761
  354 369 10 16.256 37.5761
  355 370 10 18.288 37.5761
  356 376 10 30.4801 37.5761
  357 377 10 32.5121 37.5761
  358 378 10 34.5441 37.5761
  359 379 10 36.5761 37.5761
  360 380 10 38.6081 37.5761
  361 386 10 10.16 39.6081
  362 387 10 12.192 39.6081
  363 388 10 14.224 39.6081
  364 389 10 16.256 39.6081
  365 390 10 18.288 39.6081
  366 396 10 30.4801 39.6081
  367 397 10 32.5121 39.6081
  368 398 10 34.5441 39.6081
  369 399 10 36.5761 39.6081
  370 400 10 38.6081 39.6081
  371 406 10 10.16 41.6401
  372 407 10 12.192 41.6401
  373 408 10 14.224 41.6401
  374 409 10 16.256 41.6401
  375 410 10 18.288 41.6401
  376 416 10 30.4801 41.6401
  377 417 10 32.5121 41.6401
  378 418 10 34.5441 41.6401
  379 419 10 36.5761 41.6401
  380 420 10 38.6081 41.6401
  381 426 10 10.16 43.6721
  382 427 10 12.192 43.6721
  383 428 10 14.224 43.6721
  384 429 10 16.256 43.6721
  385 430 10 18.288 43.6721
  386 436 10 30.4801 43.6721
  387 437 10 32.5121 43.6721
  388 438 10 34.5441 43.6721
  389 439 10 36.5761 43.6721
  390 440 10 38.6081 43.6721
  391 442 10 2.032 136.4
  392 443 10 4.06401 136.4
  393 444 10 6.09602 136.4
  394 445 10 8.12802 136.4
  395 446 10 10.16 136.4
  396 452 10 22.3521 136.4
  397 453 10 24.3841 136.4
  398 454 10 26.4161 136.4
  399 455 10 28.4481 136.4
  400 456 10 30.4801 136.4
  401 462 10 2.032 138.432
  402 463 10 4.06401 138.432
  403 464 10 6.09602 138.432
  404 465 10 8.12802 138.432
  405 466 10 10.16 138.432
  406 472 10 22.3521 138.432
  407 473 10 24.3841 138.432
  408 474 10 26.4161 138.432
  409 475 10 28.4481 138.432
  410 476 10 30.4801 138.432
  411 482 10 2.032 140.464
  412 483 10 4.06401 140.464
  413 484 10 6.09602 140.464
  414 485 10 8.12802 140.464
  415 486 10 10.16 140.464
  416 492 10 22.3521 140.464
  417 493 10 24.3841 140.464
  418 494 10 26.4161 140.464
  419 495 10 28.4481 140.464
  420 496 10 30.4801 140.464
  421 502 10 2.032 142.496
  422 503 10 4.06401 142.496
  423 504 10 6.09602 142.496
  424 505 10 8.12802 142.496
  425 506 10 10.16 142.496
  426 512 10 22.3521 142.496
  427 513 10 24.3841 142.496
  428 514 10 26.4161 142.496
  429 515 10 28.4481 142.496
  430 516 10 30.4801 142.496
  431 522 10 2.032 144.528
  432 523 10 4.06401 144.528
  433 524 10 6.09602 144.528
  434 525 10 8.12802 144.528
  435 526 10 10.16 144.528
  436 532 10 22.3521 144.528
  437 533 10 24.3841 144.528
  438 534 10 26.4161 144.528
  439 535 10 28.4481 144.528
  440 536 10 30.4801 144.528
  441 541 10 0 146.56
  442 542 10 2.032 146.56
  443 543 10 4.06401 146.56
  444 544 10 6.09602 146.56
  445 545 10 8.12802 146.56
  446 546 10 10.16 146.56
  447 547 10 12.192 146.56
  448 548 10 14.224 146.56
  449 549 10 16.256 146.56
  450 550 10 18.288 146.56
  451 551 10 20.3201 146.56
  452 552 10 22.3521 146.56
  453 553 10 24.3841 146.56
  454 554 10 26.4161 146.56
  455 555 10 28.4481 146.56
  456 556 10 30.4801 146.56
  457 557 10 32.5121 146.56
  458 558 10 34.5441 146.56
  459 559 10 36.5761 146.56
  460 560 10 38.6081 146.56
  461 561 10 0 148.592
  462 562 10 2.032 148.592
  463 563 10 4.06401 148.592
  464 564 10 6.09602 148.592
  465 565 10 8.12802 148.592
  466 566 10 10.16 148.592
  467 567 10 12.192 148.592
  468 568 10 14.224 148.592
  469 569 10 16.256 148.592
  470 570 10 18.288 148.592
  471 571 10 20.3201 148.592
  472 572 10 22.3521 148.592
  473 573 10 24.3841 148.592
  474 574 10 26.4161 148.592
  475 575 10 28.4481 148.592
  476 576 10 30.4801 148.592
  477 577 10 32.5121 148.592
  478 578 10 34.5441 148.592
  479 579 10 36.5761 148.592
  480 580 10 38.6081 148.592
  481 581 10 0 150.624
  482 582 10 2.032 150.624
  483 583 10 4.06401 150.624
  484 584 10 6.09602 150.624
  485 585 10 8.12802 150.624
  486 586 10 10.16 150.624
  487 587 10 12.192 150.624
  488 588 10 14.224 150.624
  489 589 10 16.256 150.624
  490 590 10 18.288 150.624
  491 591 10 20.3201 150.624
  492 592 10 22.3521 150.624
  493 593 10 24.3841 150.624
  494 594 10 26.4161 150.624
  495 595 10 28.4481 150.624
  496 596 10 30.4801 150.624
  497 597 10 32.5121 150.624
  498 598 10 34.5441 150.624
  499 599 10 36.5761 150.624
  500 600 10 38.6081 150.624
  501 601 10 0 152.656
  502 602 10 2.032 152.656
  503 603 10 4.06401 152.656
  504 604 10 6.09602 152.656
  505 605 10 8.12802 152.656
  506 606 10 10.16 152.656
  507 607 10 12.192 152.656
  508 608 10 14.224 152.656
  509 609 10 16.256 152.656
  510 610 10 18.288 152.656
  511 611 10 20.3201 152.656
  512 612 10 22.3521 152.656
  513 613 10 24.3841 152.656
  514 614 10 26.4161 152.656
  515 615 10 28.4481 152.656
  516 616 10 30.4801 152.656
  517 617 10 32.5121 152.656
  518 618 10 34.5441 152.656
  519 619 10 36.5761 152.656
  520 620 10 38.6081 152.656
  521 621 10 0 154.688
  522 622 10 2.032 154.688
  523 623 10 4.06401 154.688
  524 624 10 6.09602 154.688
  525 625 10 8.12802 154.688
  526 626 10 10.16 154.688
  527 627 10 12.192 154.688
  528 628 10 14.224 154.688
  529 629 10 16.256 154.688
  530 630 10 18.288 154.688
  531 631 10 20.3201 154.688
  532 632 10 22.3521 154.688
  533 633 10 24.3841 154.688
  534 634 10 26.4161 154.688
  535 635 10 28.4481 154.688
  536 636 10 30.4801 154.688
  537 637 10 32.5121 154.688
  538 638 10 34.5441 154.688
  539 639 10 36.5761 154.688
  540 640 10 38.6081 154.688
  541 641 10 0 156.72
  542 642 10 2.032 156.72
  543 643 10 4.06401 156.72
  544 644 10 6.09602 156.72
  545 645 10 8.12802 156.72
  546 646 10 10.16 156.72
  547 647 10 12.192 156.72
  548 648 10 14.224 156.72
  549 649 10 16.256 156.72
  550 650 10 18.288 156.72
  551 651 10 20.3201 156.72
  552 652 10 22.3521 156.72
  553 653 10 24.3841 156.72
  554 654 10 26.4161 156.72
  555 655 10 28.4481 156.72
  556 656 10 30.4801 156.72
  557 657 10 32.5121 156.72
  558 658 10 34.5441 156.72
  559 659 10 36.5761 156.72
  560 660 10 38.6081 156.72
  561 661 10 0 158.752
  562 662 10 2.032 158.752
  563 663 10 4.06401 158.752
  564 664 10 6.09602 158.752
  565 665 10 8.12802 158.752
  566 666 10 10.16 158.752
  567 667 10 12.192 158.752
  568 668 10 14.224 158.752
  569 669 10 16.256 158.752
  570 670 10 18.288 158.752
  571 671 10 20.3201 158.752
  572 672 10 22.3521 158.752
  573 673 10 24.3841 158.752
  574 674 10 26.4161 158.752
  575 675 10 28.4481 158.752
  576 676 10 30.4801 158.752
  577 677 10 32.5121 158.752
  578 678 10 34.5441 158.752
  579 679 10 36.5761 158.752
  580 680 10 38.6081 158.752
  581 681 10 0 160.784
  582 682 10 2.032 160.784
  583 683 10 4.06401 160.784
  584 684 10 6.09602 160.784
  585 685 10 8.12802 160.784
  586 686 10 10.16 160.784
  587 687 10 12.192 160.784
  588 688 10 14.224 160.784
  589 689 10 16.256 160.784
  590 690 10 18.288 160.784
  591 691 10 20.3201 160.784
  592 692 10 22.3521 160.784
  593 693 10 24.3841 160.784
  594 694 10 26.4161 160.784
  595 695 10 28.4481 160.784
  596 696 10 30.4801 160.784
  597 697 10 32.5121 160.784
  598 698 10 34.5441 160.784
  599 699 10 36.5761 160.784
  600 700 10 38.6081 160.784
  601 701 10 0 162.816
  602 702 10 2.032 162.816
  603 703 10 4.06401 162.816
  604 704 10 6.09602 162.816
  605 705 10 8.12802 162.816
  606 706 10 10.16 162.816
  607 707 10 12.192 162.816
  608 708 10 14.224 162.816
  609 709 10 16.256 162.816
  610 710 10 18.288 162.816
  611 711 10 20.3201 162.816
  612 712 10 22.3521 162.816
  613 713 10 24.3841 162.816
  614 714 10 26.4161 162.816
  615 715 10 28.4481 162.816
  616 716 10 30.4801 162.816
  617 717 10 32.5121 162.816
  618 718 10 34.5441 162.816
  619 719 10 36.5761 162.816
  620 720 10 38.6081 162.816
  621 721 10 0 164.848
  622 722 10 2.032 164.848
  623 723 10 4.06401 164.848
  624 724 10 6.09602 164.848
  625 725 10 8.12802 164.848
  626 726 10 10.16 164.848
  627 727 10 12.192 164.848
  628 728 10 14.224 164.848
  629 729 10 16.256 164.848
  630 730 10 18.288 164.848
  631 731 10 20.3201 164.848
  632 732 10 22.3521 164.848
  633 733 10 24.3841 164.848
  634 734 10 26.4161 164.848
  635 735 10 28.4481 164.848
  636 736 10 30.4801 164.848
  637 737 10 32.5121 164.848
  638 738 10 34.5441 164.848
  639 739 10 36.5761 164.848
  640 740 10 38.6081 164.848
  641 741 10 0 166.88
  642 742 10 2.032 166.88
  643 743 10 4.06401 166.88
  644 744 10 6.09602 166.88
  645 745 10 8.12802 166.88
  646 746 10 10.16 166.88
  647 747 10 12.192 166.88
  648 748 10 14.224 166.88
  649 749 10 16.256 166.88
  650 750 10 18.288 166.88
  651 751 10 20.3201 166.88
  652 752 10 22.3521 166.88
  653 753 10 24.3841 166.88
  654 754 10 26.4161 166.88
  655 755 10 28.4481 166.88
  656 756 10 30.4801 166.88
  657 757 10 32.5121 166.88
  658 758 10 34.5441 166.88
  659 759 10 36.5761 166.88
  660 760 10 38.6081 166.88
  661 761 10 0 168.912
  662 762 10 2.032 168.912
  663 763 10 4.06401 168.912
  664 764 10 6.09602 168.912
  665 765 10 8.12802 168.912
  666 766 10 10.16 168.912
  667 767 10 12.192 168.912
  668 768 10 14.224 168.912
  669 769 10 16.256 168.912
  670 770 10 18.288 168.912
  671 771 10 20.3201 168.912
  672 772 10 22.3521 168.912
  673 773 10 24.3841 168.912
  674 774 10 26.4161 168.912
  675 775 10 28.4481 168.912
  676 776 10 30.4801 168.912
  677 777 10 32.5121 168.912
  678 778 10 34.5441 168.912
  679 779 10 36.5761 168.912
  680 780 10 38.6081 168.912
  681 781 10 0 170.944
  682 782 10 2.032 170.944
  683 783 10 4.06401 170.944
  684 784 10 6.09602 170.944
  685 785 10 8.12802 170.944
  686 786 10 10.16 170.944
  687 787 10 12.192 170.944
  688 788 10 14.224 170.944
  689 789 10 16.256 170.944
  690 790 10 18.288 170.944
  691 791 10 20.3201 170.944
  692 792 10 22.3521 170.944
  693 793 10 24.3841 170.944
  694 794 10 26.4161 170.944
  695 795 10 28.4481 170.944
  696 796 10 30.4801 170.944
  697 797 10 32.5121 170.944
  698 798 10 34.5441 170.944
  699 799 10 36.5761 170.944
  700 800 10 38.6081 170.944
  701 801 10 0 172.976
  702 802 10 2.032 172.976
  703 803 10 4.06401 172.976
  704 804 10 6.09602 172.976
  705 805 10 8.12802 172.976
  706 806 10 10.16 172.976
  707 807 10 12.192 172.976
  708 808 10 14.224 172.976
  709 809 10 16.256 172.976
  710 810 10 18.288 172.976
  711 811 10 20.3201 172.976
  712 812 10 22.3521 172.976
  713 813 10 24.3841 172.976
  714 814 10 26.4161 172.976
  715 815 10 28.4481 172.976
  716 816 10 30.4801 172.976
  717 817 10 32.5121 172.976
  718 818 10 34.5441 172.976
  719 819 10 36.5761 172.976
  720 820 10 38.6081 172.976
  721 821 10 0 175.008
  722 822 10 2.032 175.008
  723 823 10 4.06401 175.008
  724 824 10 6.09602 175.008
  725 825 10 8.12802 175.008
  726 826 10 10.16 175.008
  727 827 10 12.192 175.008
  728 828 10 14.224 175.008
  729 829 10 16.256 175.008
  730 830 10 18.288 175.008
  731 831 10 20.3201 175.008
  732 832 10 22.3521 175.008
  733 833 10 24.3841 175.008
  734 834 10 26.4161 175.008
  735 835 10 28.4481 175.008
  736 836 10 30.4801 175.008
  737 837 10 32.5121 175.008
  738 838 10 34.5441 175.008
  739 839 10 36.5761 175.008
  740 840 10 38.6081 175.008
  741 841 10 0 177.04
  742 842 10 2.032 177.04
  743 843 10 4.06401 177.04
  744 844 10 6.09602 177.04
  745 845 10 8.12802 177.04
  746 846 10 10.16 177.04
  747 847 10 12.192 177.04
  748 848 10 14.224 177.04
  749 849 10 16.256 177.04
  750 850 10 18.288 177.04
  751 851 10 20.3201 177.04
  752 852 10 22.3521 177.04
  753 853 10 24.3841 177.04
  754 854 10 26.4161 177.04
  755 855 10 28.4481 177.04
  756 856 10 30.4801 177.04
  757 857 10 32.5121 177.04
  758 858 10 34.5441 177.04
  759 859 10 36.5761 177.04
  760 860 10 38.6081 177.04
  761 861 10 0 179.072
  762 862 10 2.032 179.072
  763 863 10 4.06401 179.072
  764 864 10 6.09602 179.072
  765 865 10 8.12802 179.072
  766 866 10 10.16 179.072
  767 867 10 12.192 179.072
  768 868 10 14.224 179.072
  769 869 10 16.256 179.072
  770 870 10 18.288 179.072
  771 871 10 20.3201 179.072
  772 872 10 22.3521 179.072
  773 873 10 24.3841 179.072
  774 874 10 26.4161 179.072
  775 875 10 28.4481 179.072
  776 876 10 30.4801 179.072
  777 877 10 32.5121 179.072
  778 878 10 34.5441 179.072
  779 879 10 36.5761 179.072
  780 880 10 38.6081 179.072
